       900211
    10655119  -2.65000010      0.574411571       4.71413708       5.83549023    
    10843119  -2.86999989       1.01213205       4.81728888       5.75820017    
    11019120  -2.34999990      0.645401180       4.68614292       5.78733015    
    11243120  -1.94000006      0.276699811       4.73781490       5.54762983    
    11331120  -1.54999995     -0.963509321       4.92771101       5.56956005    
    12547123   2.75000000       7.07978010       4.88572598       5.64898014    
    12859124  0.500000000       5.76856995       4.96383715       5.94415998    
    14415128  -3.98000002       12.9599104       3.24780202       2.47644997    
    22427136   4.69999981       9.24452782       4.98420906       5.92870998    
    22739137 -0.990000010       1.84406197       4.79952812       6.26403999    
    22827137 -0.779999971       2.02361703       4.70484209       6.36794996    
    22915137  -2.07999992      0.700265884       4.60612106       6.15872002    
    23003137 -0.949999988      0.519026279       4.66730499       6.58449984    
    23051137  -4.19000006      0.729069471       4.66166782       6.03291988    
    23139137 -0.140000001      0.524118781       4.60455799       6.93884993    
    10703119   2.64000010      -1.18656003       4.82164621       6.11622000    
    12907124   6.03000021       6.69004583       5.10850191       5.93973017    
   143735208  -2.19000006      0.991849720       4.37326097       7.10951996    
   143959208  -2.66000009     -0.860848904       4.66532612       6.50194979    
   144055208  -2.63000011     -0.573918283       4.72990894       6.45254993    
   144143209  -2.91000009      0.308752805       4.75281906       5.96248007    
   144231209  -1.05999994      0.129797205       4.54087877       6.28449011    
   144315209  -1.55999994      0.984856784       4.70856714       5.91982985    
   144403209 -0.689999998     -0.861038923       4.27961683       5.80003023    
   144455209   1.35000002     -0.520740271       4.43656206       6.52360010    
   144543209  0.270000011       4.31075001       4.68704414       6.61891985    
   144719210  -4.82000017       9.09957886       4.84196997       4.99292994    
   152647225   3.18000007       13.4156103       4.36223888       4.93821001    
   180227239  0.430000007     -0.932001591       4.28322887       7.10518980    
   180459239   3.54999995      -4.21659899       4.68752193       6.77086020    
   180907239   1.11000001       9.85423279       4.60558081       7.57560015    
   181043240   2.59999990       7.99005318       4.78100681       7.30724001    
   181219240   3.75000000      -8.33046055       4.30002117       6.78864002    
   181539240 -0.740000010      -2.57338905       3.88344598       6.44277000    
   181627240   2.91000009      -5.27609587       4.21857691       6.73799992    
   185731250  -1.20000005       15.1675196       4.64155483       6.15941000    
   190531251  -2.46000004       6.14438677       4.82974100       5.35102987    
   180643239   8.03999996       17.5125294       5.05162621       7.74695015    
   190403251   4.01000023       6.62221718       4.82958412       5.67877007    
   214048770  -1.48000002       4.38055277       4.89574623       7.24177980    
   214136770  -3.96000004       3.45065689       4.76586580       6.55775976    
   214544771  0.150000006       5.13906193       4.61106300       3.82870007    
   225536786 -0.769999981      0.926157176       4.76396084       6.57168007    
   214144770   1.11000001       3.91196299       4.86754799       6.42289019    
