      900211
    10655119  -2.65000010     -0.605037928       4.11628199       6.33065987    
    10843119  -2.86999989     -0.770863771       4.57386780       6.07755995    
    11019120  -2.34999990      -1.22809398       4.22413206       6.48745012    
    11243120  -1.94000006     -0.316348791       4.71934605       6.37041998    
    11331120  -1.54999995      0.704800785       4.70352316       6.18726015    
    12547123   2.75000000       7.33715677       5.07715607       5.74532986    
    12859124  0.500000000       13.5371799       4.92958498       6.59124994    
    14415128  -3.98000002       12.9119196       3.74202609       2.37627006    
    22427136   4.69999981       9.20705891       5.04011393       6.42191982    
    22739137 -0.990000010      0.791972280       4.24872780       6.92225981    
    22827137 -0.779999971       1.33202398       4.41964006       7.40820980    
    22915137  -2.07999992       1.32226300       4.39891481       7.15866995    
    23003137 -0.949999988      0.278077185       4.39089298       7.64881992    
    23051137  -4.19000006     -0.117374703       4.61839485       6.92765999    
    23139137 -0.140000001      0.807187796       4.44837379       8.05642986    
    10703119   2.64000010      -4.19202518       4.26433611       7.02306986    
    12907124   6.03000021       11.8403902       5.08350801       6.59568024    
   143735208  -2.19000006       1.75490904       4.52841377       7.54582977    
   143959208  -2.66000009      0.607596397       4.31588793       6.54711008    
   144055208  -2.63000011      0.324811906       4.28955078       6.43176985    
   144143209  -2.91000009      0.822795928       4.61870098       5.96971989    
   144231209  -1.05999994     -0.469221592       4.60663795       6.72751999    
   144315209  -1.55999994     -0.424806088       4.54678297       6.39799023    
   144403209 -0.689999998       1.43013597       4.80052710       6.04475021    
   144455209   1.35000002       3.60551906       4.85530281       7.04750013    
   144543209  0.270000011       17.9380798       4.72280407       7.40881014    
   144719210  -4.82000017       36.4269218       4.69211388       5.30407000    
   152647225   3.18000007       24.6457996       4.73005915       5.69138002    
   180227239  0.430000007       1.18706203       4.67001820       7.50380993    
   180459239   3.54999995       8.22532463       5.00650692       6.79857016    
   180907239   1.11000001       13.6467400       4.70678377       7.53091002    
   181043240   2.59999990       30.6651802       4.74757004       7.70223999    
   181219240   3.75000000       23.1887493       4.34994698       6.57317019    
   181539240 -0.740000010       11.3288603       3.93179297       5.95825005    
   181627240   2.91000009       21.1362991       4.32580090       6.34146976    
   185731250  -1.20000005       13.8217697       4.70907688       6.36498022    
   190531251  -2.46000004       7.50501585       4.82920218       5.38359022    
   180643239   8.03999996       26.1690102       5.03632593       7.93551016    
   190403251   4.01000023       22.7495594       5.02480984       6.08364010    
   214048770  -1.48000002       16.5044994       4.73346281       7.35591984    
   214136770  -3.96000004       17.4829693       4.69168997       6.93739986    
   214544771  0.150000006       10.9028702       4.63177681       4.57228994    
   225536786 -0.769999981     -0.375368804       4.31326818       7.29218006    
   214144770   1.11000001       16.2110691       4.84707212       6.81360006    
